86.9891
10.1193
42.9842
35.8446
32.5629
4.8941
92.1177
40.1619
60.666
33.1111
40.8602
69.2425
79.0888
27.2491
80.1666
57.7258
57.4512
82.1751
61.0534
97.5745
72.3517
61.4181
31.8311
98.8651
61.3107
9.9489
22.8763
77.4037
56.475
96.563
18.1018
89.0646
2.8035
72.1491
42.0311
47.0522
89.9307
73.5879
20.6407
30.9893
34.4167
44.71
92.5808
57.4523
85.0177
94.2104
81.1471
13.2057
20.7967
51.9131
5.8398
53.6403
61.4488
66.0642
57.381
47.2472
78.2129
35.1219
2.892
19.4044
50.2307
9.5722
28.2467
62.5345
68.5249
16.5134
6.979
89.9628
59.8846
70.9683
80.5511
79.2241
78.574
62.8385
56.0514
77.3389
38.5385
58.3523
24.5199
67.3706
80.1219
36.5924
11.0625
8.5833
69.3129
35.0877
8.6412
20.838
20.7829
90.4063
11.795
95.6906
4.3453
85.4093
59.6426
76.6279
56.8501
29.2399
9.9821
51.6831
23.2188
24.5313
51.4513
12.5463
28.9932
1.4823
84.3645
8.7881
75.0995
75.0352
25.6722
44.5782
70.8771
61.3014
18.0345
78.1916
17.6562
69.9539
77.7479
47.7662
17.0168
43.6604
72.0205
98.7494
24.008
84.1703
33.1759
75.9263
11.189
46.0131
63.927
52.0355
49.1338
28.9444
79.9919
9.9805
77.9915
61.0909
82.7338
5.5671
61.3312
6.0132
68.4632
86.6175
1.2389
65.0947
47.0684
34.1325
9.715
40.854
92.7629
82.4812
33.1758
37.1298
55.9613
28.0945
75.0472
35.2288
18.3068
95.2879
69.5777
35.8824
71.0817
22.4092
23.8153
6.9381
65.2535
70.1202
94.6908
18.447
22.7277
48.8304
93.6218
67.7223
89.5877
45.41
10.0887
47.0984
78.3987
6.1225
23.0224
48.2133
59.665
28.2191
69.0859
7.2643
12.9524
77.493
85.9235
5.5365
22.4748
28.6246
6.3262
40.0353
22.6095
63.3759
54.7595
85.5794
93.0406
66.5461
26.9822
45.6797
27.5615
59.4646
53.3639
38.942
53.9453
9.8649
79.5258
11.3064
57.7094
92.2927
46.648
65.4096
83.2068
79.8085
4.3144
18.7771
43.3592
39.6144
68.1825
13.773
30.8607
67.8256
18.2626
57.2232
63.6738
32.801
31.936
6.3853
79.3828
35.4031
95.7405
24.3655
87.1771
51.314
2.4736
37.4862
5.6646
94.3486
64.9123
38.1046
37.0133
52.6695
57.7996
72.3539
82.7512
13.0009
79.0497
67.6337
71.5059
24.6577
29.675
54.9807
49.8178
9.6827
23.6836
68.4288
43.4862
23.4765
70.8056
93.2722
89.4006
46.7496
98.6294
69.688
82.782
55.2476
39.4895
41.8655
26.6019
5.7725
54.3089
61.6911
76.2343
98.284
48.4231
84.9496
96.3238
11.4609
54.7015
12.3299
44.754
29.5342
56.4693
81.006
8.4409
16.114
56.2925
43.0171
50.1483
81.1031
71.2414
69.4778
72.2278
91.7426
63.8434
5.3184
48.0231
15.104
26.4301
57.8452
77.3068
51.6521
75.5938
17.8882
37.1245
81.7851
52.3938
55.6797
89.4666
26.115
76.7086
41.4794
58.1499
40.2092
78.882
15.6412
41.4473
87.6924
59.1928
83.639
64.944
37.5047
53.6509
7.527
79.8894
33.4807
14.2696
85.8912
97.2153
20.8237
79.7448
21.7395
74.0955
5.9427
58.1687
9.192
42.6348
82.6993
62.8767
82.2773
80.398
68.8519
10.6851
34.8962
12.007
71.1829
43.1445
11.4203
87.425
73.7411
94.3163
19.7258
89.575
87.0801
11.0724
60.2436
43.8432
21.378
36.04
29.1049
53.2402
43.7201
73.0717
82.0257
24.288
89.6288
11.0061
22.5595
8.0726
89.2722
72.9882
54.9138
83.6474
52.9765
94.4718
27.3622
4.0216
14.6526
49.3451
97.4146
3.7892
15.0445
4.8179
28.9478
59.328
61.5615
30.4326
95.9618
4.5865
32.6247
83.1751
26.8183
37.5581
71.9076
14.8857
14.671
90.9765
44.2935
15.9001
71.4482
23.3239
99.4368
9.6607
75.7316
61.3835
11.5535
43.8677
60.428
85.5701
88.7924
37.5906
14.9626
93.5751
89.4296
42.8565
76.4244
16.6474
22.8581
22.2351
34.1459
34.3237
16.6382
71.878
63.2334
39.9357
49.1802
15.1567
11.9169
47.844
49.443
85.6332
17.5528
36.4097
67.559
30.8857
54.1406
39.9902
59.5763
84.384
50.7942
99.2403
96.3502
43.449
8.2707
53.4139
29.0202
54.0709
38.2774
22.92
83.5032
67.277
52.2301
61.7504
92.7995
24.8569
72.0969
14.0657
67.9681
8.3094
22.1965
64.1962
82.8079
82.8286
85.6775
36.6554
57.6192
10.3492
26.6967
75.7289
10.7882
15.8063
20.829
35.5289
27.4746
66.4753
96.9811
15.3043
58.628
46.0688
38.4043
22.3382
38.5705
99.9441
31.7489
46.0483
10.4763
4.5754
83.8907
70.7294
20.3777
47.3721
52.6603
24.8316
20.4172
98.0556
66.1555
13.7971
10.8045
25.405
77.7678
82.0523
17.4072
44.3621
92.088
7.4496
25.8442
7.8079
86.1179
69.5849
75.1321
4.3065
95.5915
53.1208
70.2481
45.0421
73.8162
13.8819
85.8346
48.3652
79.0473
30.3881
6.8892
33.9655
9.8272
48.9956
1.2767
63.801
41.2186
14.7856
9.5449
59.412
66.0135
34.5467
72.3229
7.9289
89.964
57.9929
31.6793
50.7933
75.7283
59.1825
91.9257
84.1791
88.7938
98.4741
71.4662
15.5311
85.2882
19.1812
50.9409
33.4713
38.3282
38.2779
64.9975
62.7573
13.9494
91.4686
66.4321
81.9404
17.3147
3.7177
68.5755
19.0026
66.4664
12.6526
70.172
43.8306
82.0833
97.4729
69.4308
8.0948
43.4335
25.0197
31.5771
93.5078
95.6899
62.2916
10.9058
57.4251
23.4863
93.1941
37.7976
51.5117
47.1493
22.2569
90.6425
23.5564
64.6286
26.7338
36.8131
7.4653
66.1064
51.789
47.3379
85.8483
27.8318
5.9759
28.7753
51.5005
47.2411
83.5478
71.4424
86.51
44.1042
5.8044
65.0693
50.1274
5.2273
99.2413
50.2378
84.3756
4.643
43.1237
16.5181
91.118
89.9062
43.3848
70.3529
31.5256
31.6644
3.2709
56.568
43.1177
78.0076
60.1481
72.5827
46.3539
17.1051
67.6994
32.3315
79.2643
99.8014
56.9452
43.371
74.533
20.4572
28.557
32.7642
49.1487
94.8191
18.4039
50.2155
99.4136
8.0133
44.1645
13.1785
93.8373
81.1214
70.7083
36.1826
34.9121
76.2014
55.8822
71.3264
91.0182
38.5657
87.034
23.8766
20.0484
65.946
79.0585
92.7711
18.6377
91.8765
28.787
77.3721
75.7241
48.5185
86.65
58.4894
53.636
49.7649
85.1477
41.6481
69.8643
78.4073
12.7824
15.7863
40.0562
82.7542
11.6629
5.318
42.9739
14.294
45.6631
12.0787
23.2976
64.8753
48.1015
72.7463
28.6765
64.9601
88.3527
76.1939
41.0247
41.4262
35.2453
95.0134
46.397
4.7684
9.4597
30.5405
87.2358
71.5173
41.3881
54.5667
65.2417
55.185
41.014
1.3822
9.7018
7.5185
47.594
61.0182
29.4846
23.5201
57.4063
92.7972
35.865
38.8939
56.5642
24.7514
66.847
18.5115
33.8759
59.7399
42.4661
98.2218
97.0043
72.208
68.074
26.5117
27.1756
21.2554
54.9432
85.3427
67.8018
51.4202
37.5752
37.4928
38.1371
95.0674
44.4631
19.9417
3.2198
46.661
78.9608
31.4431
35.9273
89.8429
33.3968
25.3157
6.4664
20.565
56.157
50.8043
48.6723
42.6532
42.1335
89.0683
18.8869
55.9888
72.8175
70.3056
76.5709
12.4034
77.6385
43.3333
3.9009
98.5153
61.8226
57.0381
24.5445
13.7982
27.4587
46.6326
84.9176
90.4844
17.6698
17.6018
80.6945
55.286
8.7731
73.5178
89.8775
66.8467
92.0329
86.5292
87.9395
98.5009
73.8811
98.0437
14.3579
86.5448
47.0657
80.2978
43.3847
81.8606
89.5065
15.1704
36.2196
12.9108
85.6688
58.8731
1.5892
53.0596
64.2272
99.0882
74.6417
86.2783
43.7489
91.5873
98.5783
41.0835
41.8095
67.4391
3.8481
44.3514
71.0637
88.1798
28.4807
77.854
86.8166
78.7608
16.5355
56.777
46.8916
81.6786
62.467
77.8751
42.0378
8.7792
90.77
8.7504
45.2315
55.2575
16.1407
10.0279
55.3253
75.8399
54.06
4.0559
70.6024
22.1841
80.2172
76.6036
61.2416
58.0109
82.1298
4.745
9.8155
74.4618
51.7245
36.1998
15.04
85.6794
66.8681
89.8824
88.3064
85.0063
30.9404
36.3838
95.1155
62.988
20.0079
74.9352
93.7569
62.6402
20.4763
84.8078
97.7892
81.4825
34.1933
13.8936
28.2077
92.9087
30.8706
52.2439
60.6906
58.2026
73.6871
94.4119
62.8427
99.3293
24.6749
87.989
33.8263
51.8139
50.7234
7.2212
24.9804
79.0797
93.8926
5.4995
84.1788
48.6933
39.7663
46.7628
48.9896
12.1835
82.1243
46.0511
49.3617
1.5694
66.8027
78.4055
13.9128
9.7238
37.3809
45.8473
73.1856
10.8375
33.6204
32.4387
98.761
24.1524
8.7918
59.9737
97.4699
14.2274
29.794
77.5186
42.186
94.4892
65.6637
88.3726
11.9961
45.3368
92.1388
9.1816
95.1576
27.9979
36.5783
4.3917
18.4233
2.9176
5.3799
25.7649
77.0887
70.4993
42.8677
8.0506
43.5323
34.4211
82.8034
17.265
47.5525
10.525
10.0789
97.8575
93.7788
33.9173
41.1523
70.0509
64.439
87.2663
41.2047
7.0268
55.9724
60.8555
82.0381
64.5979
27.8991
84.5585
89.0032
62.4654
84.8132
51.5734
84.4577
69.5432
97.461
9.0547
89.8529
53.8856
37.8986
10.0207
77.4619
12.4058
90.7843
11.908
38.1748
63.1535
69.1154
68.7346
86.1942
35.5208
41.7544
27.3073
35.9578
50.2054
45.5326
56.9384
27.7275
22.1123
66.0568
98.777
30.2943
78.5205
